847
2190
2590
2604
2141
2701
1854
269
1527
425
2001
1305
3817
1664
1672
3918
1910
2050
2101
2406
53
1677
1598
3261
1942
352
1357
2144
3235
3710
515
1492
66
1025
588
3744
2678
1687
1646
1305
804
382
60
1000
628
2904
2376
1241
782
363
692
1763
707
472
3273
3471
2350
2613
193
3015
399
2409
1246
1756
3799
2820
126
467
3171
1817
3526
2126
3647
3704
59
787
3243
684
2543
1467
1819
1774
857
1177
2872
3780
1981
3876
1700
1306
907
1859
570
2395
3716
1589
948
2124
2582
1498
3399
1061
1768
1889
617
3533
2321
174
2419
3537
3300
3687
193
3616
3973
1276
534
1030
3583
2257
1596
2339
2286
2282
1481
1896
1911
1010
3613
717
824
775
168
3505
2970
357
904
815
2851
2221
1168
2938
2888
2546
2949
3765
2271
3809
2818
1842
3890
42
1019
1796
2384
175
3838
2082
2717
1512
1813
3579
746
80
2280
2417
2303
2863
1216
2548
469
3461
1607
892
1376
80
1546
417
3370
3642
1184
1914
635
323
1892
1585
2259
422
3710
3872
538
714
481
2122
142
3559
3405
2936
1596
1011
3220
2094
3563
2793
2554
1930
2769
3284
1589
2168
1769
3357
244
3669
3708
399
924
1470
3900
2435
1390
2643
2224
3181
324
270
3337
610
3482
2298
2004
3173
553
690
3336
460
3950
1240
1631
3699
1098
910
1473
2493
258
1940
3131
1859
1223
2974
2255
2555
2928
113
741
2757
3907
1339
2303
2900
1299
748
1803
3544
2370
2677
1841
932
2024
507
1228
3777
3148
3383
726
2702
2319
1485
1531
3314
1608
2279
1071
1280
1929
2478
3356
1542
769
1765
1428
1618
315
2689
293
3008
2820
3561
2506
3045
2570
230
1598
3857
575
6
2827
2725
2621
2484
1057
305
164
2380
514
1256
1182
1949
3865
611
1059
2687
1707
2286
376
3694
359
83
3539
2627
983
3233
1337
3277
1016
3448
1641
3313
1541
1492
3185
443
559
3508
542
2368
810
550
2897
2674
3937
1969
1388
1087
2826
30
2893
3174
3379
835
3697
3798
955
3309
2170
3397
2334
3594
1995
842
809
3313
1552
921
2283
1774
2394
3384
620
3630
3624
994
3895
3427
2721
663
3251
1236
862
2781
1616
2789
2853
2328
2620
158
3311
1794
1653
3194
3723
1159
696
814
924
2879
2105
3220
2909
3688
1324
3636
581
1728
511
1294
2022
2620
3498
3078
2703
1064
3647
1196
753
3164
1660
2919
414
759
3520
1341
3277
1978
3897
2913
2811
867
219
1626
587
3941
2605
1644
2318
2208
2462
230
286
3363
2613
135
3876
442
2118
2125
3001
2901
1248
1020
2058
792
3395
3271
948
600
111
1373
2831
1241
215
3475
1895
1825
3028
747
678
2231
3159
798
3501
3166
2966
2411
1025
3848
3944
1212
514
1177
1707
1713
1622
313
3234
907
1125
1621
733
2967
3485
2739
2704
3124
3798
1712
3078
3491
2960
3865
3822
299
2360
226
3699
326
1898
1093
233
1100
3408
3418
35
2330
2728
3791
3170
2558
3971
2597
2376
2465
3850
1224
1099
1905
2588
2728
3428
3658
1170
3064
1223
1
1827
2147
3661
877
1443
2086
557
3858
102
1965
3434
2987
1027
2350
3942
2611
1523
1820
2804
3121
121
3465
1482
1598
2587
1148
3093
1395
3918
1610
2503
3891
3345
2228
395
531
2736
477
3993
770
968
1383
1765
601
3690
1033
2258
3680
985
3214
1828
89
3085
876
275
3245
3386
960
1147
3986
1418
2499
3473
3830
3847
3659
1328
3755
2325
2977
2864
2287
2012
1786
2008
3222
3939
2420
3499
2390
1495
3695
382
751
1740
1925
105
2453
3771
2055
2812
3036
73
1078
2697
2334
1864
3803
3007
2059
2166
163
2199
302
2051
1179
935
760
337
1380
1811
1388
1396
3538
3716
1158
3704
3911
3473
744
3138
1415
1338
2115
3215
2679
595
2942
3736
3447
3965
774
919
3193
592
3635
3331
1342
2741
3538
184
1580
1553
1812
722
3213
795
2674
855
1542
1102
1275
2420
850
3545
701
32
3419
3732
683
3165
501
3022
2705
3132
599
2433
2897
1056
1078
2759
536
1083
192
358
1507
1493
978
390
968
2924
3575
2308
1666
1429
1629
2943
2108
2751
2549
1775
2713
2968
775
757
3166
2602
3920
590
3165
1405
2425
3201
2655
2144
2837
3672
3596
1474
3894
3019
1434
2555
3789
2647
3312
1608
604
3182
2422
850
2682
2344
347
432
1794
2072
835
451
2840
697
2379
2239
2810
2151
3641
3818
3998
2442
3493
189
1358
2060
2398
2439
3196
2764
282
1425
2980
3819
1886
3740
3453
1124
1734
966
283
1081
1394
3500
804
264
2254
3114
172
2588
412
3613
1808
384
1567
1705
3116
590
135
150
2361
2502
692
2005
2471
2170
3656
1313
2578
3270
1454
1953
3268
3933
1697
3242
135
3838
1403
800
1093
901
91
2205
1598
3710
2961
619
741
3989
1097
1291
1879
3881
2609
1400
921
2879
2537
613
3534
3026
1574
3843
274
3720
3555
1919
1877
1471
5
1064
1175
839
1257
14
2044
73
2349
1510
2285
965
312
3978
1451
1210
3846
861
1552
3709
243
3884
3332
44
707
2608
3481
253
2156
1808
3363
1712
1058
2884
3383
1187
3805
3124
2911
3972
1608
2302
408
2241
1800
2359
520
763
3815
3401
959
3033
3260
2170
2921
3801
505
2285
2508
641
1169
3138
2629
2836
2115
1048
3801
64
648
2835
1979
788
3029
2393
2617
3662
589
3926
803
2322
2439
2239
154
1911
1559
2163
1680
3772
635
2270
3041
1432
1060
2839
909
2255
1247
137
178
3168
2399
2095
2146
3515
1321
2328
3686
944
1916
107
2031
3907
2075
3300
2356
1275
3096
3195
3245
1818
2142
710
1259
390
1755
3957
2801
518
1960
1467
595
1833
1655
3916
906
3071
88
3554
3954
747
2024
1114
3104
2608
374
2651
1826
169
467
1014
725
1749
3158
1353
701
2767
2153
3166
2277
1595
3283
3889
3635
317
3075
782
935
579
277
3928
3568
2211
1444
2663
3179
1567
3917
585
1337
2980
3804
2985
1595
1683
886
2380
2925
2038
1154
24
2940
596
2580
495
3717
2784
246
1465
812
2892
2645
3329
2133
3387
3174
3542
2275
2451
2548
881
3147
433
72
1494
3284
55
3827
2803
1549
321
3674
3493
1322
3413
574
1530
765
2008
2822
3762
3565
3261
3116
543
1014
2040
1442
2571
285
2321
255
2584
973
2516
9
3490
3731
2533
1440
1089
1970
3346
1573
555
3364
2016
1702
2742
1166
1383
3015
2171
3935
1594
749
598
1509
3326
3498
2890
684
700
2625
2497
2291
1521
309
1393
2156
3650
754
1467
1520
77
983
3276
157
2875
1855
870
462
210
139
441
53
1159
2381
2571
2039
1488
2228
2103
292
2552
3087
1137
2449
1131
1663
967
3636
401
3485
2692
2715
2648
2437
1134
3594
1609
1790
1647
1103
1821
2279
2928
2660
3465
1504
2401
1792
564
1074
1046
1498
777
1372
332
1467
1160
2875
1865
2590
2198
3733
2848
3879
341
450
980
2206
3823
3351
1044
871
1548
3408
2597
1439
1347
3706
3261
2196
620
1562
299
2881
3188
2525
1941
2885
330
1309
2297
1375
1974
1965
3669
40
841
3554
1666
1389
3696
3005
1146
840
3426
1401
1594
666
345
589
1635
2631
1949
1823
2139
2541
3707
262
1392
1538
3765
2234
3676
1194
3636
2394
420
1554
1528
2841
1723
876
528
3718
2340
359
2628
1494
1877
1738
3951
1776
2582
1485
2443
85
936
3123
1477
3562
3394
3368
1231
2020
3511
819
84
1583
2836
3705
3686
2843
3589
2702
339
1315
2007
1688
502
2299
888
3234
1130
3509
3675
2393
1977
2576
3127
1063
755
927
2703
1225
666
2481
2252
111
1466
3393
2791
1680
2518
3036
1475
552
350
1899
1878
591
2524
892
1160
822
3245
1809
3637
65
3277
3557
2445
3068
1323
1974
3770
2363
476
244
2529
2866
107
3620
1025
1229
2318
1329
2361
1005
1235
688
2374
480
1914
590
3210
1275
3260
2584
2952
2807
2025
2246
364
1766
976
230
3688
3792
1463
3713
1624
3758
3562
1804
135
226
3088
1356
3819
977
1081
3430
75
3679
3219
3203
2240
325
700
2525
473
880
1330
585
1465
2457
2758
3617
1884
157
1519
2860
567
505
3163
2252
28
740
2432
2691
3197
2601
2865
1027
520
1535
44
689
720
519
1584
21
460
737
268
1537
2713
458
274
1659
1947
534
2666
3881
1536
583
3523
3768
1061
3304
2788
2985
210
2184
2369
825
385
3190
1321
459
1597
917
2012
500
804
1660
3482
2338
3534
13
1399
394
3848
1743
842
2445
1401
459
2340
1894
3750
2976
2622
3730
3376
131
1484
3485
507
2710
910
3365
1738
1603
132
493
1446
534
2977
3584
3934
853
537
3872
2760
2588
1236
1930
165
1977
1412
3368
2050
3265
2739
3123
1498
1645
1590
3106
2298
1717
3390
1715
2013
2278
1517
725
3157
2307
389
1744
459
3510
2332
1138
158
2257
3532
3318
1543
3366
2535
2643
2269
1599
1031
1854
1460
2170
1987
1981
3585
1189
2942
426
2648
850
1754
3327
3446
3287
2378
2436
1627
389
165
499
3983
3298
1750
420
1509
3397
3887
1562
2141
3246
798
2697
3427
1375
2040
610
3252
3355
1714
2556
2177
442
3503
1377
3661
3078
2388
3378
2480
1237
3511
1752
2270
867
725
520
1442
1355
386
498
227
3137
3163
903
2121
1391
24
1636
2968
1707
1278
2687
2011
3474
2769
557
3453
3459
2118
3981
3440
2970
2678
3573
1488
2439
3406
247
2529
266
3812
2415
3605
3438
2116
2284
1387
319
392
1048
401
2857
518
2214
10
2159
3747
2199
3018
2148
1829
3785
3934
3305
3110
509
2568
1092
3493
1091
3016
3001
1239
2276
2711
72
123
2220
2829
802
2794
3410
3650
521
13
1189
1105
2532
3721
3988
1177
2203
245
1786
189
3445
1772
3269
2475
2764
1726
738
122
1514
2209
2918
812
2050
1189
3291
563
1869
1060
837
1520
3583
1208
2544
2902
549
3591
504
1581
3614
2106
948
3827
1523
747
128
765
3572
924
1222
443
369
3717
2601
761
241
1541
301
1569
83
634
1766
1118
2399
3019
2043
3164
2663
1858
375
1579
2879
503
1964
1891
1334
104
2340
1089
2160
1029
549
2319
3298
295
448
2017
106
2241
55
1340
776
78
1576
2129
124
3466
3323
519
701
125
324
1687
883
2514
436
273
2291
1605
195
2043
2804
539
3250
218
1554
1804
160
489
3167
2587
2987
646
481
934
3841
1580
524
24
3714
2331
3804
1468
1011
2772
2542
1485
834
1760
2076
3816
3089
2961
2260
2659
3585
2144
2133
2071
1597
404
2693
2040
3903
1028
497
1989
2371
1876
2081
1371
102
508
1847
324
2938
1607
2853
1453
1993
2998
3592
2293
355
580
3844
2432
2151
1061
2845
2540
1706
1703
2576
1883
102
571
1196
1551
2818
3917
2256
3957
858
238
866
3479
3435
19
233
3157
2205
1366
3528
2798
685
186
2776
2936
2070
45
321
2767
3676
2054
2068
1866
725
749
3335
2249
3315
1946
3918
3147
3922
2421
82
1404
3259
1116
881
1707
3155
2660
1715
3737
3971
215
3460
2573
2244
3452
3090
1925
838
500
1253
3879
894
2751
341
1014
1738
2079
3213
2496
258
1973
3867
564
1789
2760
48
81
3325
804
2202
1849
1848
1214
2043
3908
3236
1110
3014
913
2206
3157
3190
3799
854
1686
203
2650
699
2913
2210
3930
1695
1362
719
3141
70
3512
1978
1932
1777
2362
3123
754
3137
148
659
769
1514
767
2737
2551
1238
3822
3389
3294
3666
148
444
3642
3641
3812
2145
539
603
3536
3428
2674
3402
1139
1250
3519
577
2026
3473
3593
3154
2236
2718
775
330
1435
1477
2364
3650
515
652
864
2117
1791
3293
2136
1721
2571
2270
3336
3500
3379
3886
3455
2940
762
2654
2704
67
2552
3593
1345
510
2491
2130
2492
952
1934
2617
2275
3863
823
2905
2368
451
2489
1697
3930
3790
2874
3309
3332
2597
3039
2848
1264
978
852
1056
3777
1610
3784
1998
2878
1786
2196
2849
2818
1481
3516
1854
1840
3433
110
1334
2435
2944
1512
2364
3108
3758
1014
2977
53
1978
473
1998
2442
2045
643
2397
3831
1994
2718
21
3268
2745
1676
480
1022
3535
1097
1866
263
1772
2893
2680
1485
944
398
3171
2904
1162
2051
3760
61
1503
227
2957
304
2996
3499
2090
2134
1912
1246
2449
1624
3664
711
1859
2996
3712
3738
1777
77
3795
600
916
2914
3592
3729
2537
764
1369
996
1580
3233
3560
738
2832
1542
201
1713
1241
1282
2790
108
2326
2461
2259
3240
1502
3687
3151
2801
3942
2661
3731
1202
3996
486
1818
2548
3
1619
2733
1438
1547
1509
490
2202
2124
3729
432
1016
2879
414
1354
2060
1753
1880
1077
307
2981
1052
2096
883
3197
3539
2687
3712
2245
2012
3324
3898
2756
1474
923
1780
2591
3853
3448
2032
2932
1044
3807
2629
3056
560
183
1955
3437
11
492
109
2700
1239
2807
3365
2602
1404
621
2309
1346
169
481
3497
1728
44
3734
2923
1181
1116
293
2182
3292
2867
1928
3388
191
986
353
2739
7
604
3337
1818
2118
2588
3353
265
2467
1155
3694
1446
3785
2193
861
1220
812
1109
3187
2022
2169
1687
2439
3586
2041
1779
2111
352
1410
2624
2780
961
1722
3470
1731
157
617
623
2920
356
2809
300
1817
2470
3949
3896
804
3375
2939
3681
230
3466
711
2818
3089
2694
1694
182
3738
662
2060
968
2588
3601
1242
1254
2124
2682
807
1043
954
2299
3458
443
1568
2762
3809
3489
2442
1902
226
3125
131
3802
3195
3553
3608
1719
1151
450
3274
3873
2224
1332
2774
1704
444
2822
1017
1366
3190
2765
3458
3792
529
2485
3416
22
731
2097
3172
2948
3796
1331
3549
1531
2665
632
3630
3098
177
1115
3078
837
1476
3241
2524
3688
755
1332
2429
277
200
481
1716
457
3003
2077
916
1548
909
2412
2693
1207
1797
2722
2984
976
69
1642
2249
2001
1352
3747
512
2600
506
2475
2148
55
372
1620
2381
154
1010
3283
996
2728
2163
1623
553
2323
1773
758
2977
3018
3914
1539
922
2654
1891
2908
3644
1314
2743
2240
845
1003
2407
2590
1121
1175
402
1800
1373
1450
1608
2566
2022
723
3597
3591
3211
1133
2829
1651
3212
545
1014
860
869
2441
1718
3698
3674
655
402
309
929
3316
2240
1509
3207
589
1
1014
3872
1064
3742
1632
2447
1932
766
1426
3341
2206
3714
3750
1434
480
3646
3120
93
1108
788
3504
442
1278
2285
455
1487
455
3671
2534
2826
2462
3862
2209
3563
1209
3496
2819
3537
1721
666
2363
4
1835
3744
3508
3967
2283
373
835
3736
899
1167
473
45
3250
701
3256
2892
2632
1537
3715
1311
300
1156
3886
1138
672
2266
2804
3234
413
3411
3495
68
3800
667
193
367
3782
847
249
1192
476
1564
3858
552
2030
1718
2606
2252
249
657
3296
3352
3709
3296
2527
904
1730
3368
598
2069
2939
736
1848
2113
1544
2567
2609
3359
2421
3073
823
1761
2304
719
2079
1984
760
1451
685
3042
225
1757
3043
1931
3828
1277
2234
2754
642
2918
2543
1438
505
1234
3956
3662
448
1559
967
1794
2460
926
704
3513
3605
3293
2340
1095
3699
2832
1335
2883
3906
3032
462
2251
3156
1839
450
3668
741
3527
705
2993
3738
3583
1438
3007
2499
3457
681
140
2527
347
633
2818
2559
56
325
883
195
3738
3314
1026
3360
1430
1159
1804
2883
3435
540
1393
3215
3808
3569
611
1634
1210
2779
362
2710
1816
2841
1233
2179
3787
1476
1808
2657
1748
741
535
523
1596
1697
3284
1376
1098
1359
1570
835
2789
811
1774
1891
326
835
3238
2452
1528
3118
417
1340
2895
28
1541
1642
386
3015
2393
672
2887
1833
3047
3185
3818
1865
557
2661
1545
109
865
1178
1967
1331
31
2789
2539
2970
1392
1814
3084
2235
2360
2810
1116
2805
412
3385
1813
1190
303
1471
3236
853
1048
2904
3897
3884
2209
628
616
2116
1790
2955
159
600
151
602
1380
1595
3700
3819
3403
3846
357
2067
369
3434
2539
3572
312
355
2886
1987
2879
205
2524
2436
1788
1232
1155
3505
3417
3191
2635
858
201
1663
3531
1478
3045
1195
742
1591
1320
3444
1946
3404
771
1437
3813
2528
2877
2596
2452
1551
1899
1140
2281
601
1256
1208
2984
2143
1233
1643
414
1547
160
2315
783
3084
66
1195
2938
3550
1783
1447
2795
264
1030
3571
2046
1439
346
1804
650
2920
478
720
18
1787
688
2633
2083
2563
2980
2148
1514
1953
2616
1568
3382
624
1487
2082
2085
2180
557
2310
2670
1612
1550
3055
3786
534
2499
1407
3839
2961
1482
3139
2954
2958
1448
998
1321
3968
3238
1926
2787
322
518
99
3189
3192
320
3635
473
397
3613
114
3860
2235
2799
2263
2589
2442
779
2978
3813
1551
68
1970
1896
1430
3589
3251
3918
1723
587
2804
2397
49
3805
2006
3807
421
2217
1921
2476
413
3036
3185
372
2906
1469
557
683
2909
1030
2968
2705
1670
352
2304
1853
1335
2395
2868
2981
1687
3815
1587
2989
3794
2129
2559
2761
1022
